
Параметры системы

Интенсивность входного потока: 10.00000
Число каналов обслуживания: 3
Интенсивность обслуживания заявок:  2.00000
Число мест в очереди: 3

Шаг интегрирования:  0.00100

  Время        P0         P1         P2         P3         P4         P5         P6    

 0.10000    0.40400    0.36616    0.16589    0.04972    0.01160    0.00221    0.00041   
 0.20000    0.19235    0.31699    0.26058    0.13960    0.06009    0.02181    0.00858   
 0.30000    0.10474    0.23587    0.26363    0.18936    0.11235    0.05842    0.03564   
 0.40000    0.06358    0.17405    0.23494    0.20191    0.14718    0.09824    0.08010   
 0.50000    0.04208    0.13134    0.20095    0.19497    0.16485    0.13313    0.13267   
 0.60000    0.02981    0.10194    0.17026    0.18055    0.17142    0.16110    0.18491   
 0.70000    0.02226    0.08130    0.14489    0.16475    0.17212    0.18274    0.23193   
 0.80000    0.01733    0.06649    0.12466    0.15020    0.17021    0.19930    0.27182   
 0.90000    0.01395    0.05564    0.10878    0.13780    0.16741    0.21194    0.30448   
 1.00000    0.01155    0.04757    0.09643    0.12766    0.16458    0.22159    0.33063   
 1.10000    0.00980    0.04150    0.08687    0.11955    0.16205    0.22897    0.35126   
 1.20000    0.00850    0.03691    0.07948    0.11317    0.15992    0.23463    0.36739   
 1.30000    0.00753    0.03341    0.07379    0.10818    0.15819    0.23897    0.37993   
 1.40000    0.00679    0.03073    0.06940    0.10431    0.15682    0.24231    0.38965   
 1.50000    0.00623    0.02869    0.06602    0.10131    0.15574    0.24487    0.39715   
 1.60000    0.00580    0.02711    0.06342    0.09899    0.15490    0.24684    0.40295   
 1.70000    0.00547    0.02591    0.06142    0.09720    0.15424    0.24835    0.40741   
